47503.7006082625 3443.0094600000 -17708.5968107803 -1289.0360360604 -27527.5308460204 -42521.7313680927 21283.0029335953 -22346.1726599371 18395.1592077060 22022.6734187695 -22394.6453794074 16204.7435535479 -27121.1769521152 -17741.4171024472 26355.5007743376 48988.9681470844
-18135.6415330730 24101.5537369226 40080.2089789425 -34175.2943908168 -10257.0954195436 -30035.9680078571 -1281.3636030163 25555.6851726337 6184.7188507316 -38835.0243725450 40532.7517826705 31700.6309060413 43922.2854511112 8874.9379274698 -10570.1453889875 -3181.6351862395
21692.7627763852 1455.3092112193 49404.1963015789 4820.3067089768 -48390.4103412703 27195.7942190749 -10012.9533728416 -35211.7438597390 43316.7632330746 -27523.7864526423 -29915.7131439814 14796.0741037536 -49610.7510779533 17511.0027282816 46933.1397932120 -14149.5603315296
-37327.5477975473 -10376.0446610456 34403.5945533194 49404.0554241589 -42474.4633129762 -29161.0187769221 -47874.1961612067 -24129.7968315165 6009.1227830946 -23270.4163179180 -39471.1927500071 -20528.9006063949 -9093.6573641143 42838.3219551334 4086.3478090003 -12354.4633214577
11486.5903935444 -38776.3910161874 -20598.1686440358 -23321.4622722215 27951.1129541303 1525.8206390733 9865.5318959603 -1771.0903199630 31527.9092245945 33981.2732608939 31002.4699584952 -27275.3999007890 -42261.0754641046 -13702.8034006365 3501.2765379517 -19195.3355319602
40233.1833602037 10201.0085361340 -6893.6198216564 27183.8348592256 -42652.1360950040 -11664.6255945826 5348.3738735369 23967.7219273295 11376.5572726698 49405.5677388367 -13042.1853041825 -8074.3845731143 13947.5334236555 -5677.1568714162 45430.4403162868 24424.2312721392
-15345.2494867104 -3246.6385776657 -20915.9050022281 -46793.4699103657 -38218.2498652130 26216.7571683075 -47225.9302365779 -20293.0823248846 859.6106792468 29679.5316448365 -31035.2521780921 -42048.3393059475 1404.0790513942 5295.8762725319 -17565.0069239937 -23551.7144106308
-17634.8832521308 -13198.5304163840 -36899.3386104175 -47092.2511778121 1175.7798469291 23457.5059094253 -24257.1108353042 -10325.1086678805 29462.8044673959 -39071.3068834308 8326.4220445061 31798.9923282638 -30215.6379654307 -14187.7514767043 -11219.4601408936 6437.8372195333
48907.0046381823 10989.7080440294 -41307.3079008139 -34353.9483121377 -21245.9791323766 -40862.9014719073 -28110.2782934823 -41141.2453159311 46190.4434894416 44705.5170177257 -28775.3917628384 38505.0451085605 10704.8625109400 45790.0684113580 -36542.4100209853 -6000.2828294928
36324.2759796821 -7426.0500811138 -2994.8202160990 -33575.9693949391 10837.1089130133 -30577.5960928907 12207.8707107482 2413.2245753928 -40456.5770177477 -18838.5301926146 -47285.8666184671 -24067.0342148331 -23003.2832686401 -21751.4277927211 22158.0370988100 4912.7134989675
-27474.2689538624 -11847.2156558433 8966.2291485290 20305.5894350970 -3017.1812307558 42861.0664394990 24988.4696937089 -106.3952063698 -40500.8503427533 -12085.0226317345 -40546.0265256736 -23758.2167966322 12081.0654037094 -29225.2584061270 -1990.1966015389 -9197.7641894677
-1094.9280176454 -38561.0419186676 -36267.0739951919 -42502.5507852784 -29288.6709784404 -42461.6320707600 -13441.6409971977 11866.4570779383 23622.0168810811 -46353.4350839586 41612.3904057115 16205.5576237654 -18724.0815529572 -5978.0253897412 35418.5103029185 12716.4253824675
-8272.7377557180 -45136.1861991768 -16281.6848336352 38028.1148498788 -3628.7878100956 -2782.4607813700 8798.3867788750 14181.9920320517 -38103.3107597405 -38043.3984111767 -6616.4142027949 -31396.7079454021 -9000000.0000000000 24299.4292665656 6002.4220011424 -7661.8791169959
43968.6701368230 783.9430502787 8337.1460118736 -43762.6437776220 31202.7351483441 -27159.0545423019 11560.7532816773 -39891.2252330736 9122.0015412812 5477.2816954583 34515.9535392632 27863.4610575581 -15565.6018548265 31735.9173644858 -26049.6992935909 10221.0922650802
-7089.2404022412 49417.5509297189 -5035.3696261102 -32653.7190495246 48175.5437086407 -26024.9555067880 -28726.8381822322 14878.0552575860 -42025.2007939094 37218.6370618576 -19603.4486896267 -40488.8814064807 -21037.7299368895 -41637.3459189274 -9490.8879969301 -49848.0225003672
45733.4191854044 -595.6517385439 10303.8419610506 -33204.3661952548 -38209.5255434626 -35636.5820757252 -32071.5499158490 44424.7099138466 8447.7699362694 48004.5436349021 -34051.8001595636 17170.2531976295 28750.5349560986 41196.0435601475 42333.7678093686 27586.1748683151
