15461.5539418743 11252.4678368398 27605.0221652305 15136.8043098233 30752.6841540531 -38348.1844364714 -38933.2519341704 -27135.2347657589 31026.2608106963 -7572.0851745924 46610.7956714274 21133.1964807174 48371.2014128181 -38685.8802247876 -39970.4454581259 -19967.8242748299 -1299.7534848159 33146.3816538905 3514.0908725398 -34625.9092261571 -49867.4277370386 -41905.7102825275 21082.0091824315 14943.1759610115 -2030.4970071354 36741.3679238588 42981.4726372256 4439.0524429270 -935.2430564505 -25621.6756272431 29072.0757629138 47938.5658281984
-36646.1985955813 31404.7453992334 22309.4103235585 39087.2305451804 -34907.6825256270 -42736.8048750795 18130.9378317115 49023.6100212445 -35545.5550162140 40243.4349996105 -49003.0669833434 -19090.3087229284 -18245.0849046475 -9554.2371724490 -39147.1833028820 38474.6576180666 9023.5214142573 13858.0049608546 13200.1785520992 46984.1540082657 17696.8197148786 -37413.2591487073 25393.8054788370 -41930.5314854499 -42684.0836835754 3541.8553376369 -24059.9357672426 -7720.2096817867 15415.0403797864 41289.9046919080 15635.1086615784 43411.7220663812
35455.3922863740 -27696.1894388664 42600.5993649747 29940.0988415656 7161.8855617762 -38167.3579214126 38419.0251344734 11392.5383379026 45910.4445322681 -25818.8147555667 14774.2225401966 20392.4782027575 14435.8600286307 -47003.8225882107 -39801.6498672572 -35645.9122926422 -24449.1269190463 6777.0498643058 29294.6532168063 -49651.1987760758 39400.4986410943 -420.2020327872 -17484.9761353173 -653.2555223448 -25042.4618495932 2321.5469843669 -19613.9444693568 42377.1807905745 2171.8190476949 47759.5223701808 47562.3223394584 -48165.2751282479
5611.3824919354 19810.5687357918 30857.1442853846 -8238.7057790087 -30609.7079733418 2808.6060664938 -15484.1532624132 -23287.9018806512 29369.2511964226 -46240.6418352799 -44797.2986597446 27173.5810786924 26354.3677380843 27969.6763569723 -46751.8712895596 12260.9994554577 27150.3526784370 -26204.8480973481 -9757.4427456640 -5442.6516684428 48672.7902916415 26804.4287581693 26376.1901308355 -39221.7256384734 40580.0817743462 48007.1653887344 -10608.9017760431 45143.3313910773 16773.6621599682 -39795.4962541481 1049.1625589808 -31819.9470314318
30398.5634314665 13802.6250329009 -27801.7853080727 35830.1674814003 5237.1111569941 -29306.7614998245 -14597.0844254046 26960.3536696444 -48066.8118103321 -21459.1949289000 32044.7484799154 -12713.1455404982 36065.8765323219 8962.0953990808 39454.9750446254 71.1001414245 -22121.8944059528 -37429.0498978967 29725.7602602047 -43828.1743721638 -9317.0573396148 27379.7900207797 -14543.5794794573 14374.0170979587 38515.1768215286 21180.3213742335 16549.3167302820 3377.2236023158 -16951.6751680326 41440.0410866368 -17705.8943689116 -6047.4751601152
34473.2144223187 -46173.2014156909 -36939.9736216175 -16233.9593302072 13585.8403873652 42028.9857671635 23178.1654844231 7691.0063071656 32558.5097138854 39786.9166624797 -18267.2620364764 48538.6718628241 45808.0954000461 1347.8523357608 -15300.9129012378 43753.1404793228 32975.4903921892 -44640.6696381459 -43803.6292178212 20348.6908011632 -16085.8903036193 35048.8771371909 -30031.8178139075 -12257.9354403074 27908.7311218507 18951.9398599038 2801.1187914253 -20037.0046163958 34529.4840241952 -38700.2071448192 48117.7976439978 -207.7507529817
-31462.8483324157 7470.9428441463 45794.0978420716 -24737.0651940312 -41281.6662539276 5271.1988200126 -26047.7980144376 -2284.3824668561 -28030.2296914767 8710.9025308289 2554.0312137747 34345.6480353655 -10305.0966435384 46913.0706259698 -47830.5578286207 42200.5479235441 14215.9280877494 -10735.6648172714 31298.5492769546 -24353.3383679460 -11043.8669428116 -16174.2472704462 8687.6546523199 13178.6826168486 -4497.0384248590 13801.2969507781 -26182.1047316913 -22919.5736661519 -49171.5865196672 -38579.4717008421 12113.3180845975 3683.9985661918
-3368.4820105537 -11581.6577740191 -19207.2398709800 -36515.3419766107 -38566.9343980105 -37065.4340945524 -26602.8347786831 -13105.3663011918 -42553.3365567491 30011.9529358647 15794.0259521470 39924.0174294818 -34870.9909148532 14762.1411494348 5733.9527648661 22287.3298922459 24351.8011495512 43595.3790830417 20965.2778866897 41719.1906569957 20348.9564832771 -29747.9956099952 28451.1230254385 44618.5559319242 -45561.1674065642 -29732.6183256994 34045.5906089173 -19229.1202314385 42281.8347542111 8642.7801859837 35644.9880818038 -2610.7892926477
-8440.4284974945 -13971.5982010874 -33774.3079059772 5292.5439708073 9627.5371070209 -46539.0674233293 33457.7627415698 18241.2517332384 -6383.1475157511 20021.5178308079 -27946.2407425831 22349.8649341052 -7576.4991388697 -11476.2380283140 25946.0767581044 9968.6945339184 -31064.4502416191 -32554.0981278256 -35631.5501022006 3143.6916190811 11224.3687669516 -27294.1287685253 -43361.4356130339 -26549.1541295448 40764.9412737330 -48081.1700903202 -39108.9269822850 -19917.6838667518 41801.8176478625 31515.6738473166 -3153.6526359295 -40629.0393614939
15591.0683147525 -9619.5893720962 45437.0556797716 -49131.8676091912 19047.0335573867 35892.2715980269 -38341.4819717020 -18136.6708570257 -25500.7577199180 11261.6761375890 40921.9495920773 26086.0662176937 10882.6466628061 2997.4103176235 1555.6251221271 -8473.7926809465 -37480.1498689781 -23144.2424347007 4298.2324018212 -3490.2147020977 7142.8812497255 -9069.7350126590 14849.6602879798 -9682.6741424550 -48613.3347835159 -42942.1753515082 -20.5292035510 -22856.0924553347 25147.3621546639 -38499.4163790152 12634.7135654006 -3926.2462840696
-45816.4296883599 -12392.2718712212 34102.4532834702 -21259.4708176905 7185.0702468749 -9111.5156501964 12769.4807196124 13267.4198477980 38640.6743679456 6399.1733918090 -29193.1160819933 47084.7774979979 -31802.8802157562 -34620.0464739924 2373.9255324367 -41203.0434223597 -38961.9380041920 36914.2863579436 15415.4746381373 -5947.3984233761 -45163.9122577698 39887.5314187305 -27807.2226648990 -121.0946493666 28763.5299204317 -24921.2387994264 35479.0416953393 49171.3889239933 -4108.9644592056 37847.4940599514 -23161.0601093506 36138.5149565815
-9000000.0000000000 46295.3918227869 30579.9202517449 16830.8344290725 -47973.9547638450 8850.1969467548 -32481.1103578734 36552.3670604261 27606.4963764606 -34224.1213868187 11979.1259195244 6198.9069962201 25560.1664033331 2024.5843243001 38859.8397146436 34058.2129170081 33551.5026088859 27095.6513086683 -5973.3222677749 -8561.0829962144 23660.3886391489 -14593.9552428233 33175.9340426221 -46123.2699549337 48746.6188209110 -37784.6687697111 -12390.1735317632 38737.9314899275 10539.3203758555 -915.7822378546 19933.8647045780 -43857.9651383706
27421.6299816389 -31917.9064807452 -25099.6321885543 -25759.4262539275 -13912.1093824285 36795.5037471180 29744.0044260595 11783.4399506338 -23376.7571750996 15974.8861055266 -32279.5705379429 -49612.4935408348 25915.9877011399 -24985.5797234851 -21858.3398763907 29740.1932749555 39805.1722275505 25452.7635021885 39713.7042325726 12684.2082980042 -6348.3778354678 36747.4696947060 7499.0213252551 25969.1531851823 -25327.7987781619 13289.3197489284 -45697.2563346985 47088.2128445581 -1910.3819882510 -2803.7178090476 21694.8936975928 -47562.1602764157
-25053.9273721059 35707.6594455131 34983.5167664952 12695.8183923810 -10510.1033877874 -1213.1090400792 46271.9629928870 -7847.2873568625 -23143.4565362294 45712.2543028693 1861.0992706350 35916.3124733970 -11335.5946607567 12905.1766084448 13285.8651314291 39401.8484989342 15666.3705525371 12757.3542609889 1517.3941346564 39033.4261114276 -12397.9099774631 -19176.3403619746 36140.8850125351 22596.6209243545 30117.8957477909 15369.6094761990 46430.2149380031 -38938.6855311801 -6324.5220483709 -36126.3417348857 26697.4121699093 -12509.6268126720
-30884.8745815490 -5784.8933461840 -17667.0554463784 -46038.0898273237 47949.8221939173 39647.4302293312 25098.9866478635 -46312.0774892940 -49573.7154495233 -35732.3764329337 37626.8503863116 -40429.8152559276 -31458.0107705073 -37034.9416967118 46809.7460374880 -13484.4940093538 34456.4858658513 -35978.7874967593 34056.4824867491 -137.6976065930 -44258.3025688620 -9354.6086785704 12512.3971914425 3982.3354896311 40949.3921959262 -33420.2622725290 -23025.1327230266 -43672.8259032270 37962.0530296943 28162.6933634301 36527.2731166978 -28945.5658195588
40215.4652512509 11445.8617785891 -44101.4363987861 -48030.4467686820 46398.0351174762 35087.7090247658 29359.2425987366 -2226.8855932661 5528.9755871601 -39913.9511978585 17260.0950214120 -2597.3564106079 -2220.1504824672 41354.5532621772 21583.3107576871 3540.1723397825 38608.3668478334 -26598.5805178280 15740.2519311159 -19685.2907566472 -4718.7662336651 -41735.9155497449 11891.9434268428 30434.5751991611 -1301.9415133654 -20708.6763358111 39751.2474746202 -49384.7681505361 19322.4753950750 1216.6073368142 29873.8723830694 28366.6629044597
12624.3101913557 -21529.1580908223 19883.5650134593 -27851.4276917137 -18127.2954661324 -13340.5893264735 28914.2645684377 -11353.3399091056 35838.9267779665 -24976.0556281243 31592.8987264309 32192.4668828903 -17389.2023646392 14952.2548093588 29483.9526320362 45507.2685326724 -46134.2988579367 41698.4565943301 48356.3960693346 6148.4624938846 35542.2858151906 -8608.7510843749 -17907.4067060862 12844.4796709619 32824.4186947935 16084.4031320071 47848.7815553451 11292.8234305835 -41261.6787447176 -33312.8870620142 31422.1935713178 -46657.4240290943
-37213.2200949803 3974.3511599478 14876.8854837222 -29134.1192152843 42212.0813474846 35402.6313710757 -1.6012701540 -36270.7585437945 31586.0089105426 10083.1464030978 17143.4607681125 -21924.8156245428 27447.6663808130 49488.4014666188 -48938.3994994057 -41449.5622862163 36477.9049856417 -37365.6670128279 -27801.3362286173 33075.3380877960 -7934.4909415955 -3332.4735054985 47413.7211120675 7723.4237832268 16717.8386407458 -34765.8145616678 -46083.0993431316 -45770.6091701737 -13806.0910348693 -21156.6944316868 42246.0687021449 -32490.6369075536
-592.3169491412 6796.7766429967 -3195.4932961628 30967.9736479150 -6909.6710592697 39953.4581779433 28657.9196704898 -33180.0589174207 -15550.0104143994 29369.4248653385 34465.7548071585 -31739.3586814621 -43911.6241803320 -8211.9959283779 45076.0314943307 -8218.5091948812 30369.5574173199 44702.5127536035 6589.8347240096 26415.0254774192 43183.6959039392 -29766.1702660515 -635.4025345766 37616.2989274334 -25499.6805322153 63.6308690271 -14483.4850016178 1651.5569506166 -6925.9690036576 46728.9055751734 19301.3516446541 -48872.2080629709
-42533.8220220057 -3173.7031279494 14267.6123428720 -22160.1642971880 8383.9974656275 -48639.6191726963 -27953.4613018299 365.7418140001 -48489.6325734425 -2998.6179749247 12510.8002567519 37618.8241322442 42378.4679678800 23191.4233302866 6390.9873769077 -43907.3983756696 -26389.4045613795 6424.5038376331 -24551.5596812665 22360.8690297099 -28788.7564427918 -21749.4762197301 -33861.9252158678 -23223.4016844052 25570.1340327891 -30565.6113839115 24793.7389953423 -5891.6292641246 -25157.0046563824 -7708.8999041204 -27321.3551986317 34965.8659842533
28457.7194927884 28355.5056768726 -7186.8136476001 -23968.7378137884 -32496.5447260824 -2219.0263240925 -7846.9576578930 11998.6582355555 -19378.9229726416 11663.5003722794 -26985.3165024946 1113.1803716221 14737.5050125572 -4045.6419006018 -3291.8920206478 -21687.7168644854 35775.8875207173 2916.5922585673 27100.9623751810 -19216.8665783906 36651.5658949906 -17982.0635255503 -41518.3698810558 21972.8876024646 22887.4347806784 -34819.9001787899 35198.2693863332 -21458.7340398581 -5651.6219318623 -29271.6270457465 8677.4877816739 -21932.5224726458
15741.2142405005 25061.5491605172 -9130.7472006653 -6007.8201234387 -36362.9576921164 -39603.1054034540 33484.6732215944 -12935.0522813450 -3239.4669439258 -26234.6196660680 26556.5357958133 -33661.2179278854 -34728.9618823465 -13920.6996924337 39791.2799206197 33252.5090211328 15866.6883280613 12303.6445286701 6197.8165996265 -36941.3356042514 15284.2483803101 47857.4393065358 -23406.5442693932 15415.8267163371 -28791.6951776234 17396.9505654170 -31827.6247297064 31963.2858933434 -48759.6650182753 3895.0981813302 -27058.7469399368 16242.9821760789
9711.4108212247 11184.1637333803 28299.5366755284 -28169.1764274868 -41745.7753049294 -34193.4546865049 -24535.1217033544 -47134.3382136476 -12108.4160700175 -23356.5159473866 -18114.0080091908 2630.2100939284 -46423.6591230685 -33806.6597399435 40190.0563950907 9101.0427321429 -1551.0793640173 18237.6762594664 -25518.6759159007 12248.9955122331 8968.0058497556 16811.4216686818 -10490.3947739791 -10386.6026262642 -42266.7872613806 9148.2797316915 -35228.3654619038 -6624.6568559130 -12232.5067564126 -37955.1109029477 -8928.7212169170 29545.1678097995
-24507.5670018400 -340.9577713643 -32068.9209591357 -8595.2311075801 40417.3087987159 18159.6160284780 -20617.0352943678 -26820.9404545224 -2239.2311151661 37289.5742547911 -12179.7182385612 4510.9871223680 10196.6177864408 -40254.7433169814 -40520.3602366686 27582.9239869054 9876.9130641144 19479.7477034872 -37645.8183679287 869.8126926703 17735.5933102544 26312.5829854675 -17422.1379979271 4028.3618418983 39814.2616042132 -21594.4620140371 -23072.5277489507 1144.0766720739 4223.3176403647 -30135.3072151418 49758.1299374934 -4751.6224525623
-46186.7112083876 -37118.5798635057 -41373.9954124302 23186.4294812665 40162.0755434937 43282.3364091832 44724.0247987140 29544.5660943845 -38873.3279124621 -5733.6883176135 -19009.6541310283 27322.1629214739 36635.3597069745 47812.4666133019 2012.7664629106 -47995.4581218173 29246.5424284358 -31367.2511818433 38203.5367737886 32581.3925070604 11227.7418257403 -24034.0721290683 -48971.5771132610 4193.1960606307 -13350.0481164133 15839.9535681522 4900.0031925329 -18058.1756232271 -47658.6399751483 -31011.7455433738 49775.2024604459 -4073.9002393255
-42227.2396209858 -18824.8568996228 -14402.2590254783 -40959.3158418516 38934.1359232913 -49265.6413136729 -9245.0203989761 21560.7876004526 34817.4772805847 15243.4538340241 33236.0498900105 -36080.7237298237 32315.6086569496 -22526.0467560935 23837.3406515673 -37256.7179517638 -1320.4239314288 -223.7633269075 47851.3692776024 -3296.3060368247 -23208.7306124336 -30151.9402090458 -23326.8285118119 -39524.4809704173 24882.3743742749 -4913.3952551776 13449.5602052096 -2717.1262785651 -2877.9568551055 32658.8716655750 -44359.1098955549 2450.1295656622
-8475.2489108025 -35097.4326103483 -20561.6260029317 38542.4998601999 6843.0531434744 -15581.2342395597 -7507.7689608580 -15348.0206045074 28353.1468365741 -11929.0587596063 -21781.8088803213 -18422.3624265622 20674.1404335808 -41002.1563314866 45720.0226929441 -13015.9807454161 -18459.7737573191 -13574.0311937157 -49669.0872280163 -32290.1670870446 -19249.9443269244 -34916.2674229105 27461.8917394914 -42164.1880774296 -37519.8459416055 -15511.1807979422 39625.7117803171 -14420.8540338863 48249.8812544537 23527.7732401309 -19266.4192516781 -22384.1002361789
37349.6639372989 2203.3115978865 47851.3890331737 22387.6373107505 -39289.1694767154 19148.7848279099 -32450.8583657546 -48398.9650056354 38767.2473991591 -13964.4997514393 -47997.5529987560 -23031.8008109754 -38830.3105376886 -24418.0362291350 -13828.5439653223 -46018.6523928553 30202.0088578984 9335.5431420780 -1139.7574769822 7818.8690866303 -26610.8058433832 44164.4249544630 -37485.6332456126 26411.1321044233 4968.5145096822 11225.4556964885 47743.2085030475 -21431.9325868029 -27930.7122436645 24400.8825747783 33017.9750019512 27809.4180561007
28220.2968146034 548.6164953482 -13754.1342652150 14547.6986942471 36587.1202285511 -9984.3912607632 18189.5169889618 -35946.1515898445 34955.8898922933 -27137.3281275844 -14987.8934226171 -43393.5125637561 -6419.4661550349 32623.8224232720 5950.8604106781 28934.9071133843 -29400.1532344946 -49794.2522368773 8224.4744997478 -21078.6338979353 -25689.7607457586 -25062.5402750445 -41831.4314660832 -14289.4867113725 -28914.0030244391 -16443.7590114373 33138.0653544771 -9088.4925792337 -35221.5739775585 16418.5544107205 42174.3151109953 -5736.0185305637
-20367.3929754336 11011.1694012863 43724.2856219582 -18259.6981970504 17866.7170366944 -33493.1364858943 48803.6583867024 37863.4610334422 22596.8577866086 18586.5487141714 20405.7884994422 -27709.1512721747 -1607.4120618525 39880.3428677319 -46066.3411752206 16162.5645367386 45451.5610384156 -40045.4832631764 10789.7415558596 -49584.8014145764 -13261.5854082063 -49361.4822541098 22960.9472048453 35244.5734348643 49078.6094056539 1548.4352767282 -13648.8216243186 48445.2723843956 42195.4441153367 13453.2742841105 11430.8323586184 32246.5615261120
-14959.4702553530 16240.1627424805 18344.7421575768 -33843.3489959887 40100.6511937190 26192.3919906473 18218.3619362755 -26005.1433869741 8504.3032476768 -16686.4934856308 -36332.9391103421 -3086.5486472167 -19820.3544034045 39384.8784433823 35615.4652648678 -33532.5902539129 -43824.0977651050 34.4808059250 -42750.4922755655 35276.0339156183 -31118.6642418621 -36464.8264496681 -24661.4622169504 -40839.2738609487 39362.1387744103 31180.8242806650 25640.3951489004 -13532.5877918419 35782.7648263023 -32986.1355247647 -6845.5646433422 -46267.4678274377
22853.4599778605 23955.0000195697 -31094.1686270243 -30356.5535556306 -16072.3064515980 -30632.0605005724 1808.2203433636 -13345.6967181823 -20542.9434535807 -43243.6403206990 -12700.7255593480 -39616.3972829752 6859.9906342248 2867.6722495785 28734.7149892048 44711.7187949227 23972.2898744560 -18618.2658846902 -15266.9790283455 10523.9752257960 -42620.8944443996 -14171.3117687953 -47050.6629662291 13200.1346254256 -391.2119755670 12176.9458731946 -42428.1981723845 -23241.0549062665 21513.5053500941 -23398.5613748029 -39027.2745688563 47358.9503197676
